calibration: 
  scaling_x: 1.4648e-4 #0.0375/256 = 1.4648e-4 #0.2/512
  scaling_y: 1.5625e-4 #0.04/256 = 1.5625e-4
  c_x: -0.01875 # -0.01875
  c_z: 0 #
